Last Update,Latitude,Longitude,Confirmed,Deaths,Recovered,Mortality Rate,Dif Confirmed,Dif Confirmed%,Dif Deaths,Dif Deaths%,Dif Recovered,Dif Recovered%,Factor Confirmed
2020-02-01,67.8401,-236.0968,10.0,0.0,0.0,0.0,,,,,,,
2020-02-03,36.5761,-120.9876,6.0,0.0,0.0,0.0,-4.0,-0.4,0.0,,0.0,,0.6
2020-02-05,43.0731,-89.4012,2.0,0.0,0.0,0.0,-4.0,-0.6666666666666667,0.0,,0.0,,0.3333333333333333
2020-02-09,0.0,0.0,3.0,0.0,3.0,0.0,1.0,0.5,0.0,,3.0,inf,1.5
2020-02-11,0.0,0.0,1.0,0.0,0.0,0.0,-2.0,-0.6666666666666667,0.0,,-3.0,-1.0,0.3333333333333333
2020-02-13,29.4241,-98.4936,4.0,0.0,0.0,0.0,3.0,3.0,0.0,,0.0,,4.0
2020-02-21,73.4607,-241.0306,27.0,0.0,3.0,0.0,23.0,5.75,0.0,,3.0,inf,6.75
2020-02-22,0.0,0.0,18.0,0.0,0.0,0.0,-9.0,-0.33333333333333337,0.0,,-3.0,-1.0,0.6666666666666666
2020-02-24,108.90950000000001,-316.52909999999997,36.0,0.0,0.0,0.0,18.0,1.0,0.0,,0.0,,2.0
2020-02-25,33.4255,-111.94,38.0,0.0,2.0,0.0,2.0,0.05555555555555558,0.0,,2.0,inf,1.0555555555555556
2020-02-26,0.0,0.0,42.0,0.0,0.0,0.0,4.0,0.10526315789473695,0.0,,-2.0,-1.0,1.105263157894737
2020-02-27,38.4747,-121.3542,4.0,0.0,0.0,0.0,-38.0,-0.9047619047619048,0.0,,0.0,,0.09523809523809523
2020-02-28,77.8038,68.57910000000001,90.0,0.0,2.0,0.0,86.0,21.5,0.0,,2.0,inf,22.5
2020-02-29,82.8592,-244.6302,15.0,1.0,3.0,0.06666666666666667,-75.0,-0.8333333333333334,1.0,inf,1.0,0.5,0.16666666666666666
2020-03-01,179.3413,-403.2086,15.0,1.0,3.0,0.06666666666666667,0.0,0.0,0.0,0.0,0.0,0.0,1.0
2020-03-02,598.4016,-1303.4634,88.0,6.0,4.0,0.06818181818181818,73.0,4.866666666666666,5.0,5.0,1.0,0.33333333333333326,5.866666666666666
2020-03-03,555.0859999999999,-1397.3701,54.0,7.0,3.0,0.12962962962962962,-34.0,-0.38636363636363635,1.0,0.16666666666666674,-1.0,-0.25,0.6136363636363636
2020-03-04,281.48810000000003,-796.4149,62.0,11.0,1.0,0.1774193548387097,8.0,0.14814814814814814,4.0,0.5714285714285714,-2.0,-0.6666666666666667,1.1481481481481481
2020-03-05,652.0139999999999,-1706.4037000000003,142.0,11.0,5.0,0.07746478873239436,80.0,1.2903225806451615,0.0,0.0,4.0,4.0,2.2903225806451615
2020-03-06,1122.6553999999999,-2643.6477,168.0,14.0,2.0,0.08333333333333333,26.0,0.18309859154929575,3.0,0.2727272727272727,-3.0,-0.6,1.1830985915492958
2020-03-07,1636.2994000000006,-4307.9357,311.0,16.0,5.0,0.05144694533762058,143.0,0.8511904761904763,2.0,0.1428571428571428,3.0,1.5,1.8511904761904763
2020-03-08,2014.3159999999998,-4734.867900000002,387.0,20.0,5.0,0.05167958656330749,76.0,0.24437299035369775,4.0,0.25,0.0,0.0,1.2443729903536977
2020-03-09,1099.2373,-2756.2751,203.0,2.0,0.0,0.009852216748768473,-184.0,-0.47545219638242897,-18.0,-0.9,-5.0,-1.0,0.524547803617571
2020-03-10,2052.9916000000003,-4656.544799999999,959.0,28.0,8.0,0.029197080291970802,756.0,3.724137931034483,26.0,13.0,8.0,inf,4.724137931034483
2020-03-11,3540.068030000002,-8107.020304000001,3379.0,83.0,20.0,0.02456348031962119,2420.0,2.5234619395203337,55.0,1.9642857142857144,12.0,1.5,3.5234619395203337
2020-03-12,1416.8144000000002,-3282.7334000000005,1555.0,39.0,11.0,0.02508038585209003,-1824.0,-0.5398046759396271,-44.0,-0.5301204819277108,-9.0,-0.44999999999999996,0.4601953240603729
2020-03-13,141.0503,-330.285,32.0,0.0,0.0,0.0,-1523.0,-0.9794212218649517,-39.0,-1.0,-11.0,-1.0,0.020578778135048232
2020-03-14,2259.6794000000004,-5427.01,3132.0,55.0,14.0,0.01756066411238825,3100.0,96.875,55.0,inf,14.0,inf,97.875
2020-03-15,1295.1108000000004,-2958.2416999999996,2877.0,60.0,10.0,0.020855057351407715,-255.0,-0.08141762452107282,5.0,0.09090909090909083,-4.0,-0.2857142857142857,0.9185823754789272
2020-03-16,1840.5572000000006,-4209.554900000001,4612.0,85.0,17.0,0.018430182133564614,1735.0,0.6030587417448732,25.0,0.41666666666666674,7.0,0.7,1.6030587417448732
2020-03-17,1908.2774000000004,-4612.6603,6287.0,108.0,17.0,0.017178304437728647,1675.0,0.3631830008673027,23.0,0.2705882352941176,0.0,0.0,1.3631830008673027
2020-03-18,1730.3211000000008,-3958.8478999999998,7447.0,115.0,106.0,0.015442460051027259,1160.0,0.18450771433115953,7.0,0.06481481481481488,89.0,5.235294117647059,1.1845077143311595
2020-03-19,2027.5147000000009,-4689.0074,13604.0,199.0,108.0,0.014628050573360776,6157.0,0.8267758829058682,84.0,0.7304347826086957,2.0,0.018867924528301883,1.8267758829058682
2020-03-20,2128.9484000000007,-4754.288800000001,19057.0,244.0,147.0,0.012803694180616047,5453.0,0.40083798882681565,45.0,0.22613065326633164,39.0,0.36111111111111116,1.4008379888268156
2020-03-21,1976.1221000000005,-4564.427200000001,25335.0,304.0,171.0,0.01199921057825143,6278.0,0.32943275436847363,60.0,0.24590163934426235,24.0,0.16326530612244894,1.3294327543684736
2020-03-22,2071.0925000000007,-4800.8104,33193.0,417.0,178.0,0.0125628897659145,7858.0,0.31016380501282814,113.0,0.3717105263157894,7.0,0.040935672514619936,1.3101638050128281
